N=512
TEST_TIMES=10
i-j-k=0.437863
i-k-j=2.18553
j-i-k=0.507538
j-k-i=8.94411
k-i-j=7.19597
k-j-i=9.77117
