N=64
TEST_TIMES=1000
i-j-k=0.000994953
i-k-j=0.00147081
j-i-k=0.000977818
j-k-i=0.00213075
k-i-j=0.00364898
k-j-i=0.00381762
N=128
TEST_TIMES=1000
i-j-k=0.00707163
i-k-j=0.012398
j-i-k=0.00870986
j-k-i=0.0764745
k-i-j=0.0517583
k-j-i=0.0920049
N=256
TEST_TIMES=1000
i-j-k=0.0494629
i-k-j=0.112538
j-i-k=0.0680174
j-k-i=0.978819
k-i-j=0.736849
k-j-i=1.14242
