N=64
TEST_TIMES=100
i-j-k=0.000768065
i-k-j=0.00124447
j-i-k=0.00100012
j-k-i=0.00464515
k-i-j=0.00526695
k-j-i=0.00510975
N=128
TEST_TIMES=100
i-j-k=0.0103729
i-k-j=0.0127228
j-i-k=0.0082717
j-k-i=0.0812171
k-i-j=0.0510739
k-j-i=0.093686
N=256
TEST_TIMES=100
i-j-k=0.0582007
i-k-j=0.137839
j-i-k=0.14202
j-k-i=1.07544
k-i-j=0.732741
k-j-i=1.38959
N=512
TEST_TIMES=100
i-j-k=0.829495
i-k-j=5.37447
j-i-k=1.07414
j-k-i=14.0406
k-i-j=9.84825
k-j-i=15.1626