N=64
TEST_TIMES=1000
i-j-k=0.000994953
i-k-j=0.00147081
j-i-k=0.000977818
j-k-i=0.00213075
k-i-j=0.00364898
k-j-i=0.00381762
